5.65502499369991
4.46964087129828
5.02986961738918
5.77815838736127
6.06447976846257
5.52847458909453
4.8880910463972
6.47610519196767
6.10895301200256
3.9819809899098
4.2854950782039
5.78248264296475
4.55320735541322
5.54472324180391
4.88101895459959
3.91737071014115
6.71130845247055
4.26489408162517
4.98502322896682
4.61836594219779
4.9033939675768
6.45289829965231
4.71632681148064
7.37048865806318
6.4919767359611
5.60284463345322
5.65932201283648
2.53664334652332
3.69082541336842
4.15780662928281
4.59128065735988
4.87346057584497
5.54611915284177
4.35000097540409
5.23244392839083
3.9396772516292
4.86868189176764
4.73390007215266
2.52934671922333
5.01188471231449
4.94134585275141
5.80898842870723
3.69817184421353
6.25269769993116
4.89492643035074
5.5115670860247
6.18866291720798
4.99692871722061
5.17823309856878
6.7609654952449
4.94356998423817
3.94709291342579
5.98621008620778
4.39261439012887
4.57830832419225
5.17120220902541
4.93930729185129
6.2686057485377
5.76617314761635
5.24215060162949
5.76059463287325
4.99630981976187
4.62017775263329
5.0927003295499
4.6501208574747
5.37986741395987
3.77053097684312
7.11702625356335
4.60210324756345
3.97631054125255
5.38902202659398
6.58835126633838
6.23096543133823
3.68267443790992
3.09084381003207
6.86833241933589
4.95984286378737
4.18750991163259
5.45063967706212
5.25707323639918
4.62395372571855
4.84207394597745
5.00667244071627
5.1457932179535
5.74100037473525
5.56960424039486
6.24481131013469
4.82120729028211
4.37125726437027
7.0701403634163
4.74597400105042
5.78039239909596
5.10636994130639
3.38863105602161
5.85381969844254
4.08746395351423
5.40436157220561
4.91052176015747
6.81235572700852
3.68610458273582
5.84235635985725
4.6282982142902
6.2820092661538
5.25935655179682
4.23588054306263
4.23238509531638
4.1636090712039
5.25798559336128
5.98689872654144
4.02966307441904
5.51312804281518
4.59552223910118
4.49908636781098
4.62728555424155
6.05520567195759
4.58864715347912
5.64912188705157
5.07965921872413
4.10334286981081
4.88640376213561
5.24199437798556
4.7835922552546
7.35010530305918
4.65843262610071
4.31474894995131
5.63041780164713
4.51640017502932
4.15263855784562
5.50562331833085
4.13231983916371
3.85348733898934
5.70875699699062
5.277178309992
6.48427927848284
4.71807610491389
5.8828595209182
4.31620068201229
5.53243885304796
5.18687554781689
5.34677233260676
4.37662396937774
5.517477591069
5.34504003008107
3.6166973026536
4.73014120241883
4.48303781808652
6.53070302003391
4.96613783642961
5.89547435488656
4.7974999563743
5.54528409749024
5.53248276581065
4.57966982662939
6.49743486968506
4.79534461176179
5.82200501903852
4.79292631548651
4.68658463983704
3.7927586102437
3.91891200323236
5.0437500853945
5.24883674838214
4.69298703559737
4.84026416468625
3.96736212559707
4.13804868706906
5.21974407575522
4.58481189529977
5.83925939674272
5.624925265997
6.49718995436972
3.77981830353009
4.95499326827712
7.17275170972819
4.674418780946
3.99240867844418
3.8494599784555
2.84385416909739
4.65993381239565
5.31727573895197
3.77268074630939
5.54461300295902
6.70855261547679
4.62029420032134
5.27190362001379
4.37578873529811
3.96081803840392
4.99213805059609
3.52569735175188
5.26541478963455
5.63984360336098
5.65221343623529
4.4929144385946
5.19742710742459
5.06500745749253
4.68000138557727
3.7031393204191
5.23167461883686
4.8287744212933
4.47769669129742
5.70825078827007
3.93022181486735
5.22450088416755
3.20919874883679
4.52439779100852
6.12987396484381
5.43223044912709
6.10392533703618
5.45438847825556
4.41010085638773
6.83968964355335
5.97020345694372
4.17227466611217
3.44591690802929
5.20667866789534
4.53723992306555
2.69621577861613
4.40742177132929
4.30067371298826
5.96840801932035
5.29817944525743
4.11122947929042
4.50727849625977
4.92605384082458
5.3377043844846
6.66079093630821
7.19091492570405
6.30382822026936
4.16779606181209
4.17456005031503
5.17935062572807
3.91350251994407
2.82827413540055
4.41120160218776
5.14139803884134
3.62575338087546
5.95958334688718
4.3602800982128
6.4714668062386
4.6530604934449
4.06760815777465
4.99139946688985
4.87280285540497
3.85532600245851
6.70233138216837
5.39072767705217
4.5334919676576
4.16992815523685
4.7544631237679
6.51899664268302
5.00441640021957
5.54819630111331
6.73835184194914
5.68289557505267
6.74721287907636
2.00365234148424
5.32674580157026
5.79871467735035
5.43689215622068
5.02245684284371
7.54036402443881
4.52413442794768
5.84921713926837
4.25486813114998
2.61602853466439
5.38985730540064
3.88445405305724
5.72463044038817
5.15725529765396
6.69579830550289
2.90675494697992
4.47135225423314
4.92288085456946
7.7679546855853
4.93704361184867
5.30372853906817
5.71427279588707
3.93939726449084
3.27778129792534
5.73893102286535
6.32336205905714
5.04140239506353
6.43363437148885
4.67624787674664
6.19197066775952
4.07352054010173
4.88996200943556
4.28234958088965
5.27961744602207
3.91390244915987
6.17193847070328
6.12387830428584
4.53907064380287
4.80349774213039
6.04834691786868
3.86319799508701
3.93103669962095
4.8985723204059
5.03619304766006
4.49876301964121
4.90939725763093
5.12604757407409
4.88462756881249
4.4889955132507
6.96068793784432
5.37773598281979
6.39928029571043
5.49033777479729
5.94529991364131
6.23403534325959
6.79104756328704
3.71802850484412
5.17237906157222
6.94570984130834
3.61384523537436
5.26640159489351
6.34868917559497
4.33453821681104
3.84122539312646
3.74232628984169
4.65574132808997
4.84050662953279
4.7353415394953
4.2918150673634
5.67980618248777
5.94293686309378
5.30524456935433
2.91348123759527
3.90038011581426
3.86111152886041
5.30370066398094
3.82239711551485
5.13393973179659
5.40608312413089
5.04698493508983
6.60014793307366
5.34694108159587
2.90035758647534
6.08182562829874
3.61749227463983
3.15501129686434
3.98305679197437
5.32683435578099
2.94797754615567
6.19623002429572
4.63457199118046
5.36676792845986
7.50014859940755
5.01538234369775
5.31761221324472
4.6642196576183
5.57759734200823
5.07164597731509
3.85122019481713
4.40251826940729
3.13943581490666
5.13569877572632
4.69548010069023
5.35025177349711
3.79569207890034
6.46211875745355
7.02811371407145
6.44438089228398
5.11682058964716
5.17661288111717
4.86822495315144
2.80348926946099
4.73721604935725
5.07465070910148
4.04896530156115
4.47219208429537
5.38683632725625
5.0145345107266
6.13837149297168
5.57262049823013
6.68322098106848
5.6346227011426
3.14282818374454
4.30935183687348
7.18944693911987
5.97268025909043
4.50828879000996
4.07077479476402
5.20066175749211
2.39776387960175
6.06099780166238
6.21970807207646
5.99327116648317
6.39488765685526
5.03335498645652
3.50055148051809
4.67719765171016
6.63368206996653
5.58764502782726
4.36529442407161
3.26132796145773
5.03417093748724
5.44706612836953
3.43858532970985
4.86619562775506
6.14572474979756
5.911759860332
4.82248176890001
4.89607973210478
4.49371725767816
3.34454657710081
5.21935165144082
3.90982721662332
3.74503408134488
4.86204261997465
7.53691055491496
5.87822585862617
4.63697251249077
4.56611141757577
6.45815056318666
5.30867312145433
4.10241643036522
4.08820481623228
5.13991363128542
5.79547826098023
3.383522415411
4.63316552175267
5.93117729881021
3.91017121896784
5.28669691959382
4.51255055321707
6.90953588782877
5.40619995445931
4.43279656336156
5.53809640493967
6.36738181659251
5.54486379429846
6.71344967508078
5.45175904858531
6.17665838780648
4.42808857715556
4.90385168810922
6.27825019657265
5.22981216421712
4.21960786781964
3.96256608119935
4.6365493691627
5.39213377792199
5.15843538139947
3.96642611449501
4.24955241305957
5.46340298125097
4.0855566181729
4.70836624948364
6.21237388731285
3.79679033741529
4.90578419877353
5.30151304710345
2.79890742507057
5.01365499015193
4.41221870015989
4.94071298094468
6.04605194724475
5.82553144264727
4.61410598022341
5.05679709118299
6.8934140808043
5.02499310320093
4.38545163550194
6.4962670418203
6.64506806247737
5.0772362119895
4.06959827922537
5.49404802537877
5.59227924733031
5.45561991721458
5.09973071068676
4.67747806797841
5.46775416370684
5.33282431809972
4.60710410541259
5.90845152079302
3.62658029989491
6.16677804195345
5.83942686407787
4.80554345793289
5.29034952133664
5.34266329620568
3.67161769292366
5.34417245172743
4.00128397833764
4.26811004702036
4.93737365820705
2.92431883094676
6.02054510991925
6.68723313569179
4.92585877663305
5.93760562387957
4.7311990304172
5.00506573108857
4.42730735487389
5.4065467284589
6.90809852074022
4.26525338081507
5.6485939876166
4.5579195908469
4.30192597845821
7.43931507568138
4.10192534730439
3.14713980522807
4.45230585481755
5.12790559274596
4.88483497568377
5.80401414857717
4.70656514536231
5.46322825476711
6.17276673221526
4.93506856005432
4.53091675291378
4.96647275676411
5.45532101745392
5.2078333108544
6.36375984160158
5.33813679096284
3.38222638507407
5.19998238260243
5.21842197586772
6.22683233154868
5.40120561670992
3.13025482463566
5.81605730624642
5.74277916435719
5.53098556649462
1.73431258898032
4.61815467339589
3.24101768670722
5.0716026728023
4.25465997128744
5.88322581103792
6.42486864878305
5.71401168119183
4.67727339330923
3.60915819162936
4.55393381838268
5.43072011786414
2.83137942125954
4.30755117126453
7.05938930968259
5.32157578473955
4.66576952199561
4.51282728751755
6.33200570983066
5.84117985114696
6.01959378795538
5.72690511067193
5.93886653344979
3.66960171805953
4.27106172020127
6.77307066603656
4.89056936504194
3.81542855769122
4.36844969169445
5.69517972823803
6.35689369473819
5.0834950205362
6.90367587055291
6.50114041454334
4.94922889402862
4.83380881417384
5.98593384777306
5.3959690113817
5.2402358406189
5.16349135637077
3.82243095721364
3.79761116079879
6.15747968446724
3.01723295846908
5.78586025877747
5.12518910194343
3.83423226489099
3.83741356437297
4.82252417519155
4.72275769289864
5.57820265994523
5.11672380483048
4.90854717556181
5.08084653313491
4.46718240093594
6.98873200327859
6.67394763178244
4.48038808928548
4.01634538881647
5.80478974958206
3.43107537805609
5.43454805430592
7.43703805952626
4.78239706527874
6.7441302829454
4.56383897640033
4.50601970595504
6.23461595644046
4.77690629811371
4.81583067232572
3.82006770420673
4.11682087968315
4.16045369815366
5.34325608781875
5.06293764722249
5.83105098830628
4.45251132705366
4.83737389924629
5.10551201597313
3.84076132921763
4.77216713484495
2.98513878587725
3.17597435456658
5.39701915367047
5.24461590231394
4.6358436739931
5.36109450572655
5.1169764756285
4.73094924129899
5.0989159798953
5.98847682982357
4.20109290756298
4.10264202003112
5.19070575952763
4.09915381420803
4.18058010065124
3.93251779469152
7.46953262614461
4.26322887458912
5.94463904152731
5.33157716341495
6.5354789492257
4.55658705752297
5.23062084280629
3.43994059668668
5.51011221258081
5.82805309103982
6.52570304327281
4.44400356139596
4.1715825653001
6.48537264475677
3.99827116794721
5.35504748181658
4.90670632626057
5.84601882176326
6.02960048971583
5.89669760064023
7.35152687065615
4.06768491412098
3.61720994355263
5.69968608534968
5.91032254787236
5.76470295226099
4.84497979144304
6.67076695335686
3.6489287018856
4.47016322656907
4.66023484863039
4.3690572793648
3.18975914828453
6.81421013429033
3.84858257155201
4.07054445243871
5.06920275642348
4.97077937244389
3.85334721577236
5.00649585427187
5.06116020659311
5.46653017879551
4.78023935535248
5.29330076547849
5.25745808323282
6.3220555754117
3.83183967323277
4.40400989702023
6.92145443179936
6.16185139449453
5.63872870469737
3.4526290910149
3.98541936326069
4.20028590191214
5.08660180704462
6.25250883361919
7.22208017357006
4.84075299400816
4.64453036309839
5.81639388895946
4.91595193446909
5.5547568870046
5.5004559492093
4.15735529260036
5.53597964803631
5.19641268299768
5.35197436079987
3.81747938932789
4.87742850435485
6.02239991550475
4.11349633703407
5.5417654032147
4.22333293141304
3.15379103666258
6.8654190452724
6.0099951204023
4.37371401049414
6.46610355138479
5.26935059371425
4.50873909292498
6.49239995168444
4.07914562541675
4.87842340423041
5.96940772390259
6.50017553652515
4.86633531370301
4.25879435576743
5.67721450642659
5.74917087032458
5.42442105482754
4.09515533079788
6.21184047734256
5.26012433767758
4.82718031823923
5.23699439885235
5.20918355807432
4.53038038043195
5.65861055761011
5.58423665857535
5.0683485804998
5.10979225569394
3.72301286262391
4.99463894912841
4.77613174740476
4.10568378033658
1.72201984638925
5.57871202723321
4.14058034406683
6.11120467579673
6.90402232917764
4.59582597777005
6.24749238980811
7.42469798839606
3.90940908124973
4.59914189639764
4.35393146633526
3.83205845842174
5.30770767463761
5.35870370402592
4.96847493947201
3.91859548793338
5.59274339286133
4.0793068735778
6.43338400764635
5.29474190898938
5.69217809818586
4.29243586548247
4.92401001989735
5.60657910978492
4.85938276465788
3.38718677366813
2.47650493439821
3.21371809218395
5.83242428623067
5.37151785061767
5.45137238534003
5.50174164319766
4.15290786671126
2.62694365644723
5.78117599496014
5.45514912899766
2.69166968900512
4.73472922976869
5.50675911916043
4.01399273401504
4.20611108793976
4.42978761125401
6.16702224945313
6.29996657693507
4.51768650842773
5.98706321921499
4.14555887677951
6.29563745645028
5.13806986165292
6.32527047583847
3.47024443056049
4.2824353235214
4.95661563923548
5.77448155858597
6.98564062427561
7.85390226749175
5.74314219940026
5.7346219745308
6.60476858557477
5.31946748195455
5.71518554685155
3.59405647839283
3.61939923400504
5.66944697518287
3.95352091540577
5.51700516789663
4.55670166433086
5.56869188758275
5.39785708707389
5.20652187974626
6.8309110192157
4.9929609731145
6.13214364326093
2.78617076937289
5.58277485958421
5.73959243046819
4.42141789749085
5.85648713343743
5.39001743444937
6.84588588497977
6.46755280894425
5.51826493144347
5.45974722087663
4.39378796787775
5.96469293423924
5.89010876116571
6.21460506541026
5.41825363526105
4.34701066954379
6.12752118834978
5.11651363529301
4.12854220648163
5.93912558796379
5.93256394939485
4.78280821671421
2.78717171747928
5.58568274890018
5.50025161095518
4.6338332784679
5.86959606818158
5.11042779862194
5.36173017493609
3.37244500969833
4.54231314317183
5.62536223001766
6.48341556869918
3.70030233389349
4.99349616447145
5.71528716403024
6.3552758947601
4.00957301041735
3.79319642202077
4.40292652048991
4.93374637785708
4.30430521951317
6.45813081921961
6.20527418814049
5.78949131556919
4.76654171673756
3.90315583922345
5.67759962421475
5.74385580744888
4.42112753271637
7.09537335814669
4.54785666179802
5.36283451209377
4.41141924750483
5.40038087405054
4.02557886897391
6.20124633113565
4.88425453794845
4.6585080214478
5.74535947690391
5.05513216914379
4.68299854556176
3.36638171934295
3.81443777512149
3.72549771018567
3.87927559116518
5.03419829361731
6.25112695701312
3.53696913729107
3.2567989070848
5.31680329585363
4.41333972689008
4.60848896532627
5.79837080279665
6.46542316260191
4.14145712214584
5.47187335765811
5.1431016254226
3.62567675390201
3.51141808731834
4.74048660982545
5.06942241295801
6.0065113563661
4.07760839702823
4.03182867996913
5.59878469195967
5.3289069533288
6.47585879129508
5.69777290347175
3.57526908599913
6.12663416693416
4.6930693606168
4.25860238309147
4.40231385917365
3.65238892197444
5.88238375445909
5.7180088949681
3.68861066541612
5.03964685697116
4.41172747370589
5.67283865968709
5.75909849390861
5.51440379908982
4.82745786700444
4.8491281737803
5.37353936111447
6.04121005869567
5.69957946232073
5.49107520447489
4.34930461949882
3.74883222292411
6.16535453565847
6.70717938784197
3.79636208266296
3.58094756254569
7.05416734727167
5.02275798220548
5.42590088651868
3.49787015981128
4.37202263376308
3.66380552873762
6.02113515000997
3.8325696418007
4.42451784355898
3.00645877555675
5.14194731159384
4.94229930407743
3.74395758948109
4.77285128378949
5.82122405210223
4.87262352990184
4.88827679335877
3.13467460332213
4.11087489507491
4.69844221327245
4.43354143917566
5.88139244945498
4.93378223550529
6.29060725103649
3.980711878058
4.37741300598633
4.97673270974775
5.05633669213409
5.22015097087667
4.01074457062289
5.93990988619544
4.55596026903394
5.89407328377744
3.94580966269119
4.23456423698518
5.15631240251013
4.20630272851424
6.01466963709582
4.27001790381382
2.49139597448573
6.80529372570174
6.92530539371837
4.08411675307402
5.30906311634132
6.31947524988544
5.98667962031653
4.9486771673756
3.33250364746067
5.2961755215131
3.96516874003812
4.14699781371815
3.85707697157994
4.52470398480158
6.71459029460565
5.07130954777384
6.31148369567637
4.6852612494316
5.87625678857397
4.27766849331339
4.22478986598152
3.71396968518676
3.86670859025733
3.81429450739158
3.82618094601007
4.20061572750086
4.45278718975842
4.10104343833299
5.3464088442165
4.99900807021853
4.88134391785795
4.56062238177778
5.73922738319722
3.94989145428075
4.41989795074071
6.17972751128859
6.31748028855627
4.86273099079196
3.51249048084552
3.50852206075154
5.36229018381727
6.38978539198176
4.24214381439817
