9.88918432579112
6.00173345621474
12.0171606676267
10.3904805233167
10.325971058714
10.9638293432466
10.6410141334825
11.1121685241955
9.75939913918466
11.3731375667883
12.1108992248644
7.35798780996565
8.20646604713207
16.2248342300196
11.0385781448043
13.8496939099357
8.12077297399526
4.2410274780702
17.2695857629481
12.5838761493914
13.5618956991253
14.1579234085693
12.386573181041
10.0935534756972
8.43206373315417
8.54676604940447
14.2155153394344
9.5378048774009
14.6454439343281
11.0923305790866
19.0701311481267
13.5946359801196
8.98040908329637
11.6927270577372
8.56835421818388
5.78172997777449
12.6287703657219
5.17319874826536
12.0547673337071
10.4278369510112
13.6668478178209
7.05523767948206
9.55240922546427
10.4027260250715
12.6482991708379
8.20833385938431
8.34013685520967
9.47979011079908
9.35745820000813
14.8376649129326
6.8050087359686
8.17493458205384
13.2190747013544
8.72992728078226
12.0648089444319
12.4319120031505
5.8294270323182
13.3692451322911
12.410996019173
10.5630092093021
10.4060574320494
10.2209179620213
9.40564618130826
9.19575020290797
5.26619744160392
10.1503863053396
11.1142279447691
13.1605177264096
12.314964384878
14.008858033964
6.71261475884466
10.7952104498554
7.94582640863041
11.6963726326551
6.40862603924911
12.1375806269498
6.67327139516293
12.355797113069
10.3038089244216
9.58094589265029
15.1589025201867
12.0638731336063
4.7408080851745
13.1360680372677
12.4082862498153
7.08749305312802
7.13862467748193
7.72732153766244
6.45392994159238
10.586509606067
6.05711008326491
10.7717186226696
17.4554797688977
13.3635824044899
10.1632583882249
12.1320150202723
8.24201869621189
14.8329279880415
9.53188755483333
9.72314642864877
10.9637281357815
8.69194169432415
5.16756098063015
7.70901815592729
9.33111860498652
10.1733910528122
6.94787245071734
10.4729175098057
4.5339991562308
5.18706341805979
11.5384039657668
8.89046171499982
14.9445926407234
12.6082388746138
10.0684975580286
8.45159535233082
13.8497604577339
3.70124274603567
6.55858287818193
11.7631490992561
11.8550628879098
11.5946046590498
11.2241169577516
1.16835494722119
11.1445577779993
12.7965647520033
5.25265387323927
12.6558522967955
5.63487541374854
10.2219015472155
13.3215249902382
6.75915062951211
15.8859659160069
12.8128168716387
9.83278256661407
6.8980927687751
10.437629265965
5.43219646157259
2.21166583465009
16.181230773388
10.4977640682487
7.61162208380728
10.1842115168197
13.370487514834
12.3836441897798
12.2940669886843
10.553267200731
8.04656006721631
7.38346139067578
10.5836198204885
10.7058387768015
15.0661066666623
12.7283375447376
9.59609013711923
6.10242042908533
7.99484277632185
16.0957399947011
7.84538976672977
7.84915500625902
5.72498000687811
11.0548407729227
10.1603525258172
12.4969394061133
10.926019364363
18.3585792446305
11.7963655813902
2.97937407257338
8.8114025545194
10.5077273985533
7.85832102785196
10.7379656409372
7.21515540785459
11.1700523033481
8.61356629860883
7.71366267995319
16.3177076228689
8.50691140089708
9.29751636430757
9.54603614320325
4.82106731618935
8.40292333536056
5.86808375401523
7.77528370467108
6.89777091706459
17.7927931698008
11.9244940816102
10.2990746820064
9.67640760310235
12.4785062549138
12.0744622995952
5.84551856574955
4.92523232811485
10.5547408848852
10.4949769997256
10.8424630865228
7.7086694689916
12.6088083195371
9.42404804131137
9.61393545533747
9.60263359377021
6.33342002193324
11.538450284019
11.4735423044839
12.8052133768254
6.1303707946221
10.7770434700447
15.6084439271307
10.2095167614403
5.64327525598643
10.9226035756327
5.80503508061619
6.18090152670611
8.47920483740401
8.91223239481807
19.2369639098262
10.6568126725383
13.109803571507
6.85923544378809
7.86444712886129
17.5767136634841
6.61419124189965
9.75940277399056
9.17414900559879
8.67384687869681
9.98892945928561
7.56634762874394
11.0585646442496
11.1118980986177
9.92517480942148
3.1000002396792
5.03008817487298
6.68061026199911
7.40602807982789
10.8937620289485
13.5017317567791
9.71854750444241
16.16820296202
8.87630528186445
5.92573321943688
13.8619346172213
9.72545175157882
9.79367361899501
7.72611276928017
12.4054336351505
5.98653545968692
9.72706484411996
9.85073292715871
7.68111137235451
10.592859474796
9.65686523431838
17.9975368824568
13.4686973798167
7.74906000847928
9.80686664414605
10.8530623356218
11.1844935418549
11.2455484565209
11.5952735030825
8.95191605605064
9.99639866805815
8.45844915993663
10.0907739637741
8.94622498323804
11.749355720176
9.94770831790811
7.89980316944131
10.2092123440188
10.461201887877
15.0921816844621
9.48751355191898
6.14892981925847
7.74564119725424
8.26407201364765
7.66326911365404
6.91714871916638
11.2886513443998
9.22102153451629
12.6285559083269
5.19475054178146
6.23557976499479
13.9027502138806
10.449572562018
9.92641889771994
12.3762306032429
9.24097990322732
5.63686795376707
9.58080357651705
12.5082963795947
8.93412340291464
10.5622453527004
6.91141869485367
12.3288006643207
14.0682722442332
9.9788116768917
9.78067608888336
12.3260361640587
13.9630305812825
10.8410648758734
12.8523300713156
10.4450508798497
5.03840991637202
13.4445786616035
6.01571529959321
9.34982487246781
9.54820147553843
11.7164751494447
13.8665003581483
6.95089048039708
12.1071194115872
4.4722295338246
9.01628059088018
11.1257419293978
12.9176567279444
9.59665139638942
7.30713747112544
8.21666286151331
11.7347747947234
5.7281945038137
14.4874931574222
9.68343244926683
6.55261752968621
12.8127157055033
7.00296787418386
8.34644216187287
9.48354428933441
6.67173413481693
12.1218693542975
5.3054421942739
6.00749885827454
11.4651657907769
13.8128028806092
9.85293729208672
5.79258627589916
10.6779823379382
6.3494601034962
9.09376418891048
7.21067406608558
20.2925128155023
13.199989062833
14.8139363209902
9.4856096090972
11.1496494628908
6.67822701852335
12.9100861830146
10.6881743281937
9.49866212132311
9.78398460037666
9.90481188852847
6.37901026406362
14.1168770772147
10.9720028507501
13.1232594378278
9.70698094311381
9.51947892741582
8.96547206652462
11.2231119740116
13.2611588880595
10.3810034478534
10.7338140715438
9.5598282927219
8.27845183080542
12.2634423463161
15.2629255547745
9.85819359379209
11.3087112057713
9.78707351903313
8.40262122028174
7.49614876334396
7.54421727582446
9.80794216793007
8.79707093192632
6.80393449204279
8.51971709442924
10.064697498312
15.0649483474491
7.58476051253586
12.6141303275329
7.86513316396758
8.93906414925733
5.0038649208487
8.89291806070509
11.9041087942586
13.3939899772316
11.6832631912748
11.8416945751817
8.82606061900982
6.13894905581382
6.32900164566374
3.75707887316765
8.20009218055008
8.58605881476948
12.0390120332949
13.0216660801306
11.9230775449685
3.95038434305737
5.37633683965855
9.15286567156895
10.4037654330246
10.9970707021049
13.2509810591617
15.8492587781691
8.72839854009138
3.87929960104163
11.25919495902
12.1126195166499
8.00993547096937
6.73113835283915
3.44751817596108
10.4930480549355
10.1946269681644
7.56797041953417
9.12799909399188
14.003500839587
6.87550793191045
12.8917192186002
11.4329340388813
10.4228276203307
16.3350293146695
11.2810577659821
10.6100094090526
8.14061444839013
10.0956169083125
8.32288843893568
5.87928353540258
4.77840367521191
9.23870390636284
10.3307476903735
10.5406884175524
8.2256400527943
7.06020430430343
10.0192219071781
10.9795366578607
10.3925858661956
8.93979786303771
8.8607274855473
9.38696356061811
6.97148874169102
14.0240355555692
8.48480842815644
9.06083902639412
9.7579456557133
14.0611517952229
12.1522447014299
8.54213710747293
7.84819485407178
12.5465235642336
18.024612576658
6.63131619511958
8.96353848107866
9.34721075121638
11.7922281978733
9.37574673925619
12.7901536576036
8.51828279787557
6.3085219621266
16.5683408173596
7.83719514925758
8.19873657333203
10.4532466763564
8.8724666725038
7.0594813787462
7.01307263552306
14.4290204513762
8.24605631129915
9.51868001268912
7.85691186578008
11.4384713519444
11.3834175155614
10.532314358649
9.08316240774722
10.6166234103941
6.96741396100497
8.35557182252651
5.39734737077917
9.46851819396462
14.3820197158659
9.85517734968838
9.77119800351889
9.08993523827212
12.9451813294684
10.9765254116017
12.5360937456291
15.4026064805434
6.0069754242936
6.1647378420953
12.4963236542599
16.608689260574
14.4108121724949
9.07562247248984
10.2412488143845
8.09673221070821
4.86468927737742
6.88413239752565
8.18910156481802
7.76713020465319
7.66650799921246
8.49590216304454
12.3601790806342
12.4896375103398
11.0074329821264
9.93685582160524
13.3568263087373
14.1267471010069
8.74484072616599
6.08587484054157
11.4874616761497
3.83103727455956
7.77974836764056
16.7473034680556
8.44398429480815
10.1250967260623
9.53269192292169
10.23086636428
8.75586419535373
8.66304433933466
8.79612795310893
6.33172296250522
8.47062309704858
6.54792443990382
11.2408785428015
9.74668158536991
13.6518319415026
10.0516568418443
13.4837698174939
12.4282871267266
16.3841277180033
13.0724458316773
12.7934989293955
0.0433192051180153
11.7714359609881
10.8093128608748
11.3664703759507
11.0852951121731
8.91183963106779
8.72597327090057
6.33891233240537
7.44965094786457
9.6821598005248
17.2301806448347
9.98989593607222
11.6140623949923
14.3534522901399
11.5699730249565
9.01659467063485
8.3968609591839
9.09580975584175
11.8170674558672
17.4182222241517
7.36573705844714
13.7162166878736
7.5306438211092
10.1647843750615
16.0104054818462
7.19541924024168
9.46615604019369
11.1799113842935
12.6947517805927
5.51018250728602
9.3290398276222
13.6863686026061
9.13415977443211
8.94368780684548
7.70412938982864
11.5961382785418
13.1784675043675
11.1338597238541
8.05906617996721
8.84509431534528
6.9210006564553
18.2699736575756
7.21419351453765
7.21636594393715
9.31594673622608
9.47974294772595
13.680496994646
11.9640678639938
5.91624039147426
13.5158154121098
6.19177760947858
8.74058741024003
10.6136906838891
5.69684396079644
16.6660937281506
4.11487311735834
12.7579043072012
12.9735881663675
8.70363508546314
13.9066383324126
13.7274816058206
16.0783088189432
11.3692801866741
7.58213968567588
8.69833425272731
11.02897522463
12.3116260866749
5.28658656486004
9.5729426731954
4.60321035063037
7.42144150246045
12.1797347753233
2.73283110598112
13.2805727380353
7.28047270159687
9.83211747041183
11.0574754752058
10.9675123725762
4.60032495393833
7.13094694060182
5.19051961316101
13.5703055774197
12.7355892173856
10.6894364926514
12.6545754904114
9.86403293031281
6.60067332133706
15.0774794181847
11.119994748004
4.9586020643044
13.1562756124264
13.5586256532267
16.0776908573419
4.81513835982425
9.13744860122844
13.91308193695
11.268391651101
7.5774928850991
9.36644222718088
10.4568900008119
12.2897382410377
14.4599854264739
9.54071719683018
9.55215087326194
7.65588928730728
9.04535705863629
7.75861649072989
12.0490292584329
13.0650825499931
6.21741747870321
13.9234208454494
11.5835595664757
11.7592740084166
6.01731015967634
8.12748471892991
6.12771240473881
10.9669236044722
8.78967793215228
12.6276097042738
14.6270859695588
12.82274135832
10.8120993549486
13.6748686109597
3.3924742487797
9.57338853105108
4.32459186080754
9.28892612112463
11.3706788950146
12.707653532953
13.5599936678317
8.57154972576176
10.7694039151754
10.2837028319505
12.276666812971
4.72555937384477
4.72206425067446
6.85435287120348
10.6945959326214
9.25322529500205
10.5760504426304
10.0855162513685
8.36704194213501
5.66386337163532
8.64381845716398
6.78681608662048
7.75090708560961
8.2451913803742
11.0373134903104
8.61000878293821
7.6768795535945
9.2249328940379
6.89734696559777
10.6949037731324
14.9819263396915
9.93352734154559
5.08597680135642
12.6134398285944
13.9794882054549
8.72602872785365
6.54914853647293
8.42503387877395
7.44633867585953
13.0200839931204
12.937168354884
10.5356685028889
16.0586880122469
10.3132345260652
6.4318138958071
10.8769385735143
6.92221801883292
7.38993078184419
9.08517796558956
6.11363414681629
6.86715644852206
14.8705967186471
7.93775460778127
17.809489381343
7.79001808756598
13.7351553522529
11.9566555095447
10.1178184500229
13.0268042243149
5.40176691982593
4.7367605182718
11.2337674004538
12.5826716722389
9.69281766136227
12.1385615746568
9.91620875052385
12.820881841249
11.3853031950984
8.49234943776146
10.161645747166
7.1124943083985
7.94173476704807
8.09913693644771
11.6232276565257
12.9146712513483
13.2466306237129
10.004614121614
14.0253159550476
13.8467984566885
11.438504671497
2.15418397016047
7.05530662594114
12.1245116357615
14.6601635933148
9.84657680488713
6.90154506683007
7.34350625287819
15.5376025537121
15.3274138504784
11.5932773950011
7.55703703971222
14.4695622540191
10.163430517195
11.7510623264433
9.38244210935201
12.9731103520301
15.6013102981013
10.1072831117031
11.4479874864223
7.13124328326927
6.71586703171642
11.097568299738
16.9087071554823
10.9351562648394
9.40445929299392
12.2840422570637
10.3590321216512
9.96045349247372
11.6321408526197
14.5871436584277
15.3065399003192
11.108934758524
11.5793582327277
9.98866573394372
9.57316906517275
15.5167434139577
10.3599361323392
11.0172471433594
13.4656615176277
13.1689314688471
8.9967938589172
10.2199392725055
8.70188950057397
6.31773256959995
6.46661512517783
7.23276939334687
6.05403313277783
16.1277518962107
11.176401333766
6.19123011753617
11.5343295713346
10.2241408841129
9.96151597036418
11.272728608823
10.5662024531516
9.16383014972665
9.18042893874965
8.79398297844051
9.70694315502693
10.2295826250423
7.87764969541232
10.7051283870502
8.86325828047274
8.30885033228011
10.4108347578419
12.96018824073
7.90597189911039
9.30500256923976
8.61867637300334
9.96197429097806
7.88034409955715
9.11098482690044
14.4090495257899
5.7150035596583
9.85344274409516
8.45018211353664
12.8440251217086
11.3203893250611
13.4618327341204
10.3397499911837
5.33155827839592
15.7825754977942
8.89079187145391
9.66528612116572
8.77675703150125
15.996728855323
12.8288129252505
8.26979672146642
5.65471394700109
11.3833400286844
12.3221431642572
10.8254791182843
5.13752358880335
8.24428222047277
12.943547025749
13.0523291545364
5.81276449681147
9.3783056775657
16.2758782583436
10.4474862271856
10.8685327541803
11.7042777715596
14.3270561513457
5.50452982793858
12.4732591521551
7.08570986964266
12.5641083345782
5.63999890082675
9.70360464963938
7.85804182507011
8.08588256571996
8.17055542874255
12.0599197539637
10.3576900930499
11.0412411263435
12.7698464868226
8.41322622467881
7.60146110901508
8.9826472072841
9.70726459741234
6.5167475615587
7.3459229688208
13.7383676019132
11.5336942233693
16.108310828093
11.0029521515933
5.62594825021137
11.3953931099013
8.10311129377578
8.18904297085754
6.75956416312559
11.5322930559748
7.52106433059437
9.34502415418564
12.2926348583747
11.1006997137989
17.0098290602109
9.29611381896034
12.9787687533674
8.0555528085797
10.5110741824746
7.14306880102803
11.0131088773242
2.91495526761264
12.9944633351719
15.8387385964223
8.21888336763037
8.28816018073639
9.72348956825277
11.4276740615309
8.05729976855951
7.55653084309577
15.3446327814812
5.31544078979206
8.71227755246945
15.1212102126736
13.462275963362
8.50600570314812
6.51679326367136
10.7537031317778
11.4639689854649
15.5641662554332
10.0465457300462
7.6856942497069
13.980531655306
7.58177156374176
11.8436633297824
11.2220379896999
4.97379883706531
9.98171284935829
8.48805121868052
11.4357610761745
15.4051764358545
4.85387797482032
4.52147709587601
8.04120148485712
11.3863649645705
11.5348818544137
5.79131578249686
5.98545636108459
11.113121787748
7.28803790160688
13.3673410895019
10.3795607874887
15.8186193445814
8.22864531054337
10.4418280677039
10.751894047133
2.00184985453058
9.44612626342711
12.2253148270837
10.9801828307206
11.6700900813413
9.4643490191961
19.5277950419396
7.28177712005414
8.31367641083604
11.5729793947536
9.59361424650481
6.98861922241353
11.7033044527315
10.1249643288523
8.38671663266803
9.33321364100697
13.018122501509
9.98370774177738
12.3639043994232
12.8822821152215
9.23171507679872
12.7783343688432
8.94419208883819
5.70666402620462
5.14244910909621
12.3191362776941
10.4470630296091
14.6872836887417
10.5637928812995
11.0217480304961
6.40738902371722
8.60434251622691
3.17098302849683
13.8170267046745
18.2404622250186
6.50560183508434
11.1961559198458
5.95716676592331
11.7380579857719
7.62264359815226
11.5149868668513
3.53936479210502
13.37075626954
12.113933336015
8.47452399577763
11.3238559052737
8.83136856299155
8.35201573063286
14.3084800725991
11.8820204703261
15.2752298729035
10.4564152593671
8.53868822536444
6.96090395710362
10.7648447081243
8.80700587411985
6.53537187025919
9.17848179429783
7.91510196100185
7.48319475121032
8.93016153286738
10.9001857191515
11.4706118735731
12.4565242289906
10.6726557224783
12.1344689621064
11.4446211518263
14.1185909148759
12.7430604282852
8.14827277379678
10.9906933854749
13.0899688075839
6.14859794769915
12.0579918921122
11.3569622786196
7.8842575752853
8.36125875588781
8.0249922368259
11.5035957376412
8.74182648547449
9.885316687255
