8.14625409096157
13.8557841681312
8.58357432682795
11.8575038623819
12.4964311115646
16.3015561084992
7.00133528539897
13.3740529465853
6.84236218336037
16.9622201924168
11.4802002997238
12.6631027536437
10.3934794867577
7.54985215233924
9.10433181333362
15.1676801564136
2.14402493137747
16.5401709077363
11.2611302098401
11.9038256376517
11.0362615161035
12.0697333157443
3.52012498377662
6.52395790752574
7.57452153503187
11.2502931153194
16.4476294284686
15.6435250576302
9.09790030150995
14.7731833002195
9.6400743198579
11.9961387750848
15.7140692904634
10.9919255369029
10.2086105439457
15.0216517036838
10.1861568339248
4.52632178792906
12.0828480623179
10.8728733095818
8.46126034184553
19.7210992391651
10.6850758639461
17.7245988514743
2.88489543377207
12.3369723753981
15.9039107971209
10.9407703503412
6.04319264075173
22.3546146232903
12.7067608603986
14.9973767400109
16.7543293840246
23.0407262306946
16.9620180937716
10.7625100023053
8.99416432658932
9.70844189665538
10.4322595918995
11.082917098444
13.124671614987
7.4231384848267
15.644307981925
10.4287091237042
17.4303684628926
10.4681911706483
4.24841323947619
6.29344824574533
8.73283194710101
15.6389005352782
15.2108788333592
12.1865498170082
21.1133425977062
16.1683102621834
14.7036785695245
15.7216134905631
18.2226135464059
6.95944652856748
11.9250715507202
13.1402390142443
14.6157670146442
17.1807820065985
13.570944199056
23.1322635406775
12.7536223991898
8.56740725892525
15.1751764688405
5.8348599815582
12.8293499503566
15.4254001985351
9.27318134525889
2.22340489518021
15.2879927703933
3.39877426294843
16.3134325130076
10.5624396430869
15.928038825378
12.5219346335301
12.0010930128648
17.5716684515909
10.8584399632781
10.0570810519871
18.8387312114557
11.1174532111424
18.9875056139275
9.26201116598541
14.7188515596997
12.9294980266265
8.73491167913997
9.65973902631803
12.3836466064545
14.8702513023119
7.67486145517668
15.2030589603403
6.4616136582747
9.54520482992868
22.9037922302635
15.5431134956037
11.4579164499301
11.3453066494487
10.774820068207
15.3488321051474
12.9434016124532
17.8612834976869
15.5922064798683
9.3651493889204
17.5418047433555
17.6270008471298
14.1277379666901
20.7100595542172
5.23676772889343
14.3166759560109
18.586667560761
12.9531302365491
12.7845740565509
9.46005286405765
17.7134635643934
12.9437708054968
10.8057977067256
14.1076428456666
15.215030156857
10.0706464773032
7.92744357261686
14.2376176457918
12.5117938618103
9.83940410869979
14.3720684567027
9.77277944232574
11.7970454581834
8.74029321784939
14.1982871328733
14.0144855010622
7.79667076152042
21.0069513663619
9.44551178930798
14.6272572547287
11.5873771052951
14.7973418834926
10.172982690986
10.0189946853397
16.1982025187561
13.1883043735584
16.098809604698
16.5435826561059
10.9268983632739
15.8223375631296
14.669232446268
8.09349807719128
14.3040451207413
12.0206563278206
4.09840017803924
11.7115161395691
19.6207277973791
13.771922154436
20.3747255537567
6.07117187271575
14.7815976198541
7.40937196305459
7.14812282422753
10.974138251178
16.4029227076275
14.1881111773882
14.1289459520729
12.8401017963103
19.7212443047381
4.53129668394043
16.9665025398811
10.1112878736908
11.7344482107051
17.5278451442814
11.9826806717107
10.8697795322586
12.4745982616543
10.1371536430403
11.3710232149158
19.5291810737862
5.12879639636873
15.0373406102753
13.4637644921969
5.76596536833879
5.01233322148604
8.93605663102924
10.34256609056
15.7360045387853
8.14886078695472
14.9979783028318
7.93361685320147
14.8419186899613
13.893437543604
17.5759185515814
13.7211430632987
9.217975270872
15.1229760829009
13.1135960507268
8.51660310267626
13.2051167542279
19.7121340142207
10.7197125748747
10.0793766694506
13.4710811290036
12.6390252287229
9.75562758600906
16.0968029376467
17.3087492920337
16.251557222849
10.3533228529711
10.9254125390556
13.4350969379895
11.5556587342373
4.44337797292854
17.7604653144531
13.8784797258219
16.5820868725258
9.23534982781936
17.189749533491
11.3220742973919
7.74155651963301
10.8424656244638
12.7204239983928
14.8439417474482
8.71664449959618
13.6878128184753
12.0075402272065
5.82349930900751
16.0671119305651
10.0855188986344
12.3934244958342
12.8701387977768
14.0794801149511
15.0628858096302
-1.16411822847241
13.7121932351402
10.5781207117109
8.51656418028334
12.8955651782198
3.52478451939216
12.469518089278
10.6136439036554
12.8749139649427
14.4186076408661
10.2596245417211
13.2977250208057
13.5356581564466
8.27858070913467
14.3610937564801
7.22648472797849
10.8075085697494
12.7078709854258
12.8216820715981
19.034915458932
12.6602771186343
7.13036967585204
13.9729914472069
12.5734523534319
15.2051563473366
16.0240995187278
12.097834580369
9.74190863065191
13.6048186132076
8.1904254157611
8.73233611162444
6.51198202075913
14.0080194703683
14.2174215352052
9.32570769959324
19.4740788958895
12.3860056051306
15.2014816540715
13.4340738615481
12.8660535532759
9.59184003107064
14.2962842990145
15.166678816788
16.5517146750704
12.7425449794769
13.6586383338659
14.1433443540051
15.968174132497
13.2373847887874
9.77932712842074
9.42571028879869
10.8281766796763
19.8833515478521
10.106481698505
8.71966399185816
11.8999529234426
10.8495670469229
13.2583678252578
2.789949933209
19.3598635174895
14.8259569868961
11.7832550021755
18.4524262952088
12.358824344782
19.386302856987
1.28440773151633
7.97177557839295
15.7585240621044
13.3538425565913
12.4589270922876
8.71375226215402
19.7820817656022
9.55380032663981
18.0467568971876
13.8591400853773
10.6641578690757
10.166802537939
4.86895910513422
7.07863636111326
12.271884497286
10.93332341234
13.9863785369303
14.3749979371386
6.38187870910311
4.6447403890979
11.7239308100073
10.9218514609494
16.6557152909327
6.65119496378999
17.1722711945705
14.33277512414
11.9873465655663
8.01246164868069
8.3688089979069
14.1775104019515
6.09935028185504
9.73657095040707
10.4558771669033
9.494233410886
13.8523225445362
16.7703263788818
14.0862395466887
10.6540049422498
6.29449505518329
14.6783382997629
10.4503610002326
14.8704571988987
9.90295713715802
9.80011747436557
11.203127495884
11.2925342842301
11.0659423870823
14.4842168109527
0.928516877033415
12.4878390258955
16.9642771523101
13.3465734198106
15.6872924006884
14.240728920946
15.4913185009761
15.1010270728713
13.2040211603797
15.0013215796461
15.5171023309912
9.42115536634133
13.8551891087084
17.0261877251455
14.8648438592178
15.1293642652571
8.33736213224782
7.41488903802531
13.3549243671096
8.62844307132287
14.8131179737108
11.4794001420024
12.5895716769014
10.9028433060876
8.91208171863269
14.1562698441979
7.03859807417271
11.2891777670414
8.26017270544436
7.43972086117784
15.5243285647932
8.87409146674794
10.9491889374576
15.3681485551735
14.3711958629747
8.34610985011718
4.59887895753546
12.386551742036
6.18842799609259
7.29957419032632
22.3212547621539
2.63231282738959
12.6982088053379
15.0779591152187
8.5572736668283
15.1227971681991
14.2473841028673
9.48115235127523
14.0800006843498
2.85582476964492
4.24803606541336
13.2628788181837
13.8581996970109
5.56522474788683
9.35775184499259
12.8666310461306
11.673572699595
16.2884750384109
17.0358257099941
10.3770121667495
9.86038004663954
6.37332120596494
4.04835114851231
12.2908847942367
9.74301571493334
10.7411910122287
14.9650592730539
9.95600305911281
6.11355739985576
14.6056939989998
12.6828823420162
15.6048097084624
14.8161341272007
12.3710942851743
18.8144081971089
15.8327510332522
11.6235421265281
20.0571551951279
12.0664460883028
10.8074576898616
14.5788233319184
11.1439804570878
8.24291617128938
9.24981560050909
11.5216342807926
14.7492353333567
22.3169027729745
13.1746102730141
14.99972950437
14.7176705332508
9.59563151446503
9.72578074268483
17.2736037247699
9.27820353524018
10.6334578786521
12.6047103987881
13.2830292156772
12.2737004043169
8.11489409455255
16.5223782697281
13.1422278267881
13.1703098755167
13.8309261343275
11.0222805404023
6.8971150371148
17.1786298506404
14.129637426682
13.0746485210583
11.7770674229736
12.0205976727508
10.6904889788839
17.7160896470328
17.7892398441913
7.49391900371973
12.8106121026363
14.3881743375578
16.5038472918777
17.4775528019731
8.39085275209616
11.8458557800322
9.66751306375441
4.83656199101292
12.609967036545
11.39118158858
8.9859265736787
16.9029353860109
13.1015679882559
15.8257712447132
13.2577567434746
13.6877568190126
9.88143820787341
11.4244056411588
15.3469469500531
10.3818849279115
11.4988439117418
4.82064460218968
14.1506456469854
20.4431676049422
7.50355158099162
12.5800068888121
13.9649756919321
11.560295599991
12.0349909071028
11.4610226972758
10.636402907826
13.0353289875392
19.4737169481934
13.142347120051
12.0673932101155
19.1619402141513
13.9691025121336
14.2532720260023
9.99491434628186
11.1035267590771
10.1603686188612
10.5724148789738
4.64708829148614
12.5268792320879
14.0934338574945
8.54115695461856
7.600349361366
14.5663152177089
11.4305379154168
10.4952130521562
11.2664841095057
3.76622351598427
16.1281181400856
5.66438215049131
16.445487684419
7.69054946104356
15.389537973088
11.1913634648824
13.893394840194
13.0310585309172
13.5349128195064
12.0466789370911
12.4987202998035
14.2280695844803
8.74928356543278
15.4923352264866
13.5770200107236
18.4825062326649
16.8272503994442
15.2216502290672
13.487356443792
10.2351224315674
14.7271527569997
14.6250911627433
8.04284566287177
12.8693797816141
10.222014300458
9.51277456734381
13.5957745575762
16.1011498654888
11.9241755695851
12.0697308047183
12.4415291480409
7.68682588999266
9.21511359960379
7.89771785436825
12.1030520129686
15.0283354724108
3.49220985603578
15.1423040197495
9.90234485436534
6.11261844884675
15.9493818821079
3.82539242690202
13.7701102958442
14.6217860532058
15.2612145076092
11.5403642763836
15.8079236106686
4.89045369042871
16.5910205604524
13.5823179905641
19.2759471079654
10.5073707449157
7.82249837143375
19.3519002368375
16.310590153283
9.60962334864349
15.6116283781964
11.712098069066
8.56569110577624
15.8043127658587
13.2004999155532
10.3484945263238
14.9321293521533
9.4417511238409
10.8431118015613
14.2343489804611
8.0651522217535
8.20684619314565
8.37123673336021
14.5693940045562
19.7013966163324
12.9235354115947
9.98298829284098
16.5847210461894
10.4270236426774
17.1166794351583
19.5581640334248
8.89674383804825
4.81690087036439
13.6287479294384
5.61080518038024
16.5194436176423
11.1985348467957
9.46560409996813
7.86608771190366
13.3958816110905
11.2791601109153
12.635429384261
7.72780834598598
5.635486084096
12.2524021486748
15.3743735093503
8.77343605007975
9.55707948224229
11.5510271310633
10.0604259555176
14.5364816756037
3.70164753581713
12.833447491989
16.4088134559488
15.804217967221
10.0405136946458
14.5099356457863
16.4712365670769
13.5278859162557
11.2182996348883
17.4150637581701
15.4511005593881
15.8123235663021
4.95708113589717
7.13971230233994
10.7618896768536
16.75080944005
5.15636724669656
6.47324491649557
19.1908064629743
12.6994071376673
9.32928481041901
11.6141854014298
8.06180179012188
17.2373199010069
18.2848975897101
8.72833433833715
13.4504642517026
12.6375552075367
17.2498219320824
8.64722874748669
8.35659889967709
18.2062592153724
17.2867954419869
15.9353101743851
13.4967713409809
15.3084389885686
13.3368490245472
16.3588279981262
14.8166425059502
12.0470820616026
14.5719429005688
13.4406781078186
14.5798635406762
12.9999819460016
13.640877719584
10.1812201482249
9.18318640444627
15.1765481228771
5.57516974796715
12.3093359133352
14.6081896019579
17.4073450010913
12.6487353846442
15.4805339932764
10.9686811297869
8.13237732424966
8.56927812284361
6.40791185390287
10.3312686750522
14.0186346841606
6.41555681177215
9.18864844682454
16.7473884289478
11.213187277213
14.284585318514
8.55695720881883
14.740403294916
4.9565862639642
12.4867749049193
8.57963596468974
12.0354197571025
7.54979162116525
10.5334617209074
6.7153008765848
14.4325345692031
-0.32945447050845
9.33961106871981
10.9946039808693
9.77272543734177
11.5919824190114
9.6676221038768
2.3466797515062
7.9212654746851
12.8105245888311
13.6418052243988
10.7739201770697
16.5902198403215
14.4744361792514
7.47820135306267
10.1732761507927
6.22240498948353
16.2408271758439
16.5820065309393
13.1771423892954
18.805995210774
13.596115601653
4.36358346376052
7.44545431534452
6.65994448636431
11.3465422233643
12.8730167868248
11.5856909984614
11.3370506312935
9.1404842407554
7.27407645273694
8.07674772614592
12.0200183231878
5.97391254799897
7.91672726002424
13.9013355163246
11.9039465323154
9.44451720207463
9.76731647121262
7.04209442798981
8.91983263205677
14.0438925696636
20.1463947434491
21.7343176742441
14.0320699829379
27.5073022884036
9.24488809422518
7.8184370016308
14.9105016411146
15.740032296429
8.81553781018209
16.4532553999337
15.1009000664082
13.2189717303443
18.6056894456117
12.0074131225702
16.0158136256793
14.3648756722413
13.0128800335839
10.9438442935802
8.19723760207002
5.98696788433156
3.31943490295481
11.0286526522607
6.45264909293337
12.3919965066926
10.9803953966392
12.4810853676468
10.2887489256378
15.2683894945496
8.79902043861258
13.0795376858954
9.96995646510055
14.3393338434702
17.2492832127121
11.6723988363292
12.4400968362631
9.07652794494963
12.1563615963895
12.977033278594
8.27209210252204
11.6392935927
16.2925573006934
2.55977113617107
20.7030652440253
15.8351944859206
9.23618464121268
10.065143246898
1.87634973770083
9.74455919358781
10.93686094476
7.67498264662185
15.0423824571991
17.1755879923088
13.3618082982729
3.05721373181479
14.1205364115858
10.4094047036641
13.9168540817062
11.3537088757423
13.0774617435535
11.5039463352489
11.7046655996261
12.3675830445475
16.959899328359
11.1137664960617
9.94926610567707
14.2311785416708
12.5835439990119
13.6279635445551
11.0912525225068
7.89534801325355
13.4334958936349
11.8121789006515
7.91622037666494
10.2782768717015
4.49357530396703
21.5359189408913
13.1800769968076
9.58679441173087
13.3808658231216
15.1245932444449
9.99459342500833
12.3352792885236
14.2231018826525
14.6084926090172
14.0755149952476
10.8431618395275
18.5627180778848
12.0876491477349
20.6889766712968
8.28573186114585
12.5740977370598
10.1707680281565
5.59655734415014
12.1826317397625
9.44403263697551
17.5050496779478
5.97160390347527
14.187507228907
4.05628028280567
10.9596667406782
7.73363379253134
12.8393659560989
12.4200363764897
14.5786819262558
10.7615065662789
17.0500835270557
15.7764682230325
15.9513620755806
7.85289489083929
12.4272135917699
13.2175638380728
7.60448195158224
12.8570506789068
19.8313535734081
9.13369137317211
6.25215953642986
8.52215859682221
10.3082958702692
8.43282892219176
14.7917177586429
12.6191254718356
12.2994819768849
13.0513755007703
17.0781282410289
13.3921955435356
8.42085331753204
17.6915461501329
10.6151469648124
10.045926286382
12.2837683902663
12.0597220603451
16.544586629544
12.5551044126496
11.9828475527933
10.5304269652107
14.8213689357135
9.11622884538247
12.266300045981
19.9970373643035
6.11725670722923
10.0091971239947
14.2900296755806
7.76184869974821
10.9613477839628
16.3175858141485
14.3446786902512
14.1933138045519
8.00559478300764
17.320648617209
13.1507901876704
11.5177043513031
19.4252224831763
10.8117128145193
9.25159237116572
5.84019983238516
14.4950951816769
7.65937216317392
4.39805878775426
16.2542107385128
12.8586191756912
14.1809123622569
15.0785958180378
0.375038787083628
16.4847971539811
17.4238272840126
19.1324947093385
6.86913766469065
20.3731557774866
15.2643515312353
9.92844265882651
11.9713006812664
7.31811792499703
8.95614812305639
8.10279633898469
9.74290299945585
14.2005931065961
14.0472949486164
15.6780904927704
7.25736593989843
16.5391062390846
13.338529093909
13.0176135564649
8.25073943049137
11.4407617681322
12.4625299687477
8.28108460120379
11.988625515547
15.578116535968
11.2649488670643
9.49667108148861
7.97445056077962
12.119694407126
13.3858212991078
-2.7668146815727
8.66918025644584
10.8003956577746
14.4167203053925
5.7307325969628
14.5871277990797
7.53977421045204
11.2603932901974
12.6663582311165
9.91888454038926
10.7651403088236
13.6936561514868
8.95490746493733
19.2197874643132
11.0269971862879
5.50027418215226
6.12858935948854
12.3529318310417
14.417526065385
13.2588428593167
18.6723173944548
17.0923360575388
16.2029241397998
9.7090496560707
17.7834668143078
12.8269389778966
7.05357499124869
12.8844764774482
17.0701497176231
11.7792860947046
15.9825018681217
19.2971990218526
12.0899592415784
10.1441943139415
16.3710027731936
13.2701843761359
10.7483015394574
6.43988519999661
13.9603254299476
14.2654328847311
9.55462721018189
5.16172998368575
11.8236205790318
6.28224077143891
10.9675379317238
11.9074058450493
9.37060666530106
16.7596423377493
14.7527542086748
12.3832195925371
12.1415346277535
13.5399896026097
14.7358129227379
18.8766112615156
12.4660198514373
14.4604810275164
8.12870216666562
11.4589986638694
14.1051348540898
9.06440979377725
14.5099266548822
14.4424475992531
10.2819475620325
8.378900884891
6.43614293537398
