11.6200999747997
6.87856348519312
9.11947846955673
12.1126335494451
13.2579190738503
11.1138983563781
8.55236418558878
14.9044207678707
13.4358120480102
4.92792395963918
6.14198031281562
12.129930571859
7.21282942165287
11.1788929672156
8.52407581839836
4.66948284056462
15.8452338098822
6.05957632650067
8.94009291586729
7.47346376879115
8.61357587030718
14.8115931986093
7.86530724592254
18.4819546322527
14.9679069438444
11.4113785338129
11.6372880513459
-0.853426613906718
3.76330165347366
5.63122651713126
7.36512262943951
8.49384230337989
11.1844766113671
6.40000390161634
9.92977571356332
4.7587090065168
8.47472756707054
7.93560028861063
-0.88261312310669
9.04753884925794
8.76538341100564
12.2359537148289
3.79268737685411
14.0107907997247
8.57970572140298
11.0462683440988
13.7546516688319
8.98771486888246
9.71293239427512
16.0438619809796
8.7742799369527
4.78837165370316
12.9448403448311
6.57045756051547
7.31323329676899
9.68480883610165
8.75722916740516
14.0744229941508
12.0646925904654
9.96860240651794
12.042378531493
8.98523927904747
7.48071101053316
9.37080131819959
7.60048342989879
10.5194696558395
4.08212390737249
17.4681050142534
7.40841299025381
4.9052421650102
10.5560881063759
15.3534050653535
13.9238617253529
3.7306977516397
1.36337524012828
16.4733296773436
8.83937145514947
5.75003964653035
10.8025587082485
10.0282929455967
7.49581490287421
8.3682957839098
9.02668976286506
9.583172871814
11.964001498941
11.2784169615794
13.9792452405388
8.28482916112843
6.48502905748107
17.2805614536652
7.98389600420169
12.1215695963838
9.42547976522558
2.55452422408643
12.4152787937701
5.34985581405694
10.6174462888224
8.64208704062989
16.2494229080341
3.7444183309433
12.369425439429
7.51319285716079
14.1280370646152
10.0374262071873
5.94352217225054
5.92954038126552
5.65443628481559
10.0319423734451
12.9475949061657
5.11865229767617
11.0525121712607
7.38208895640474
6.99634547124392
7.50914221696619
13.2208226878304
7.35458861391649
11.5964875482063
9.31863687489654
5.41337147924322
8.54561504854243
9.96797751194224
8.13436902101841
18.4004212122367
7.63373050440283
6.25899579980524
11.5216712065885
7.0656007001173
5.61055423138247
11.0224932733234
5.52927935665483
4.41394935595737
11.8350279879625
10.108713239968
14.9371171139314
7.87230441965554
12.5314380836728
6.26480272804915
11.1297554121918
9.74750219126755
10.387089330427
6.50649587751095
11.069910364276
10.3801601203243
3.46678921061438
7.92056480967532
6.93215127234607
15.1228120801356
8.86455134571843
12.5818974195462
8.18999982549719
11.1811363899609
11.1299310632426
7.31867930651758
14.9897394787402
8.18137844704716
12.2880200761541
8.17170526194604
7.74633855934815
4.17103444097481
4.67564801292943
9.17500034157799
9.99534699352855
7.77194814238949
8.36105665874499
4.8694485023883
5.55219474827625
9.8789763030209
7.3392475811991
12.3570375869709
11.499701063988
14.9887598174789
4.11927321412036
8.81997307310847
17.6910068389128
7.69767512378399
4.96963471377671
4.39783991382199
0.375416676389579
7.63973524958261
10.2691029558079
4.09072298523757
11.1784520118361
15.8342104619071
7.48117680128536
10.0876144800552
6.50315494119246
4.84327215361569
8.96855220238437
3.10278940700753
10.0616591585382
11.5593744134439
11.6088537449411
6.97165775437841
9.78970842969838
9.2600298299701
7.72000554230909
3.8125572816764
9.92669847534745
8.31509768517318
6.9107867651897
11.8330031530803
4.72088725946941
9.89800353667018
1.83679499534718
7.09759116403406
13.5194958593752
10.7289217965084
13.4157013481447
10.8175539130222
6.64040342555093
16.3587585742134
12.8808138277749
5.68909866444868
2.78366763211715
9.82671467158137
7.14895969226218
-0.215136885535467
6.62968708531717
6.20269485195305
12.8736320772814
10.1927177810297
5.44491791716167
7.02911398503908
8.70421536329831
10.3508175379384
15.6431637452329
17.7636597028162
14.2153128810774
5.67118424724834
5.69824020126013
9.71740250291227
4.65401007977626
0.313096541602203
6.64480640875106
9.56559215536536
3.50301352350182
12.8383333875487
6.4411203928512
14.8858672249544
7.6122419737796
5.27043263109861
8.96559786755942
8.49121142161986
4.42130400983406
15.8093255286735
10.5629107082087
7.13396787063041
5.6797126209474
8.01785249507159
15.0759865707321
9.0176656008783
11.1927852044532
15.9534073677966
11.7315823002107
15.9888515163054
-2.98539063406302
10.306983206281
12.1948587094014
10.7475686248827
9.08982737137484
19.1614560977552
7.09653771179073
12.3968685570735
6.01947252459991
-0.535885861342434
10.5594292216026
4.53781621222898
11.8985217615527
9.62902119061584
15.7831932220116
0.62701978791967
6.88540901693256
8.69152341827785
20.0718187423412
8.74817444739468
10.2149141562727
11.8570911835483
4.75758905796336
2.11112519170134
11.9557240914614
14.2934482362286
9.16560958025413
14.7345374859554
7.70499150698655
13.7678826710381
5.29408216040693
8.55984803774223
6.1293983235586
10.1184697840883
4.65560979663946
13.6877538828131
13.4955132171434
7.15628257521148
8.21399096852157
13.1933876714747
4.45279198034803
4.72414679848381
8.5942892816236
9.14477219064023
6.99505207856484
8.63758903052372
9.50419029629637
8.53851027524995
6.9559820530028
16.8427517513773
10.5109439312792
14.5971211828417
10.9613510991891
12.7811996545653
13.9361413730384
16.1641902531482
3.87211401937648
9.68951624628886
16.7828393652334
3.45538094149743
10.065606379574
14.3947567023799
6.33815286724414
4.36490157250584
3.96930515936675
7.62296531235986
8.36202651813115
7.9413661579812
6.1672602694536
11.7192247299511
12.7717474523751
10.2209782774173
0.653924950381095
4.60152046325705
4.44444611544164
10.2148026559238
4.2895884620594
9.53575892718636
10.6243324965236
9.18793974035931
15.4005917322946
10.3877643263835
0.60143034590137
13.327302513195
3.46996909855931
1.62004518745735
4.93222716789747
10.307337423124
0.791910184622681
13.7849200971829
7.53828796472182
10.4670717138394
19.0005943976302
9.06152937479098
10.2704488529789
7.65687863047321
11.3103893680329
9.28658390926035
4.40488077926851
6.61007307762916
1.55774325962662
9.54279510290529
7.78192040276092
10.4010070939884
4.18276831560138
14.8484750298142
17.1124548562858
14.7775235691359
9.46728235858863
9.70645152446868
8.47289981260575
0.213957077843956
7.94886419742898
9.29860283640591
5.19586120624462
6.88876833718147
10.547345309025
9.0581380429064
13.5534859718867
11.2904819929205
15.7328839242739
11.5384908045704
1.57131273497816
6.23740734749392
17.7577877564795
12.8907210363617
7.03315516003985
5.28309917905609
9.80264702996845
-1.40894448159298
13.2439912066495
13.8788322883058
12.9730846659327
14.5795506274211
9.1334199458261
3.00220592207237
7.70879060684065
15.5347282798661
11.350580111309
6.46117769628643
2.04531184583094
9.13668374994896
10.7882645134781
2.7543413188394
8.46478251102022
13.5828989991902
12.647039441328
8.28992707560003
8.58431892841914
6.97486903071264
2.37818630840324
9.87740660576326
4.63930886649327
3.98013632537954
8.4481704798986
19.1476422196598
12.5129034345047
7.5478900499631
7.26444567030308
14.8326022527466
10.2346924858173
5.40966572146089
5.3528192649291
9.5596545251417
12.1819130439209
2.53408966164402
7.53266208701069
12.7247091952408
4.64068487587137
10.1467876783753
7.05020221286826
16.6381435513151
10.6247998178372
6.73118625344623
11.1523856197587
14.46952726637
11.1794551771938
15.8537987003231
10.8070361943412
13.7066335512259
6.71235430862224
8.61540675243688
14.1130007862906
9.91924865686848
5.87843147127857
4.85026432479738
7.54619747665081
10.568535111688
9.63374152559786
4.86570445798005
5.99820965223826
10.8536119250039
5.34222647269161
7.83346499793456
13.8494955492514
4.18716134966116
8.62313679509412
10.2060521884138
0.195629700282284
9.05461996060774
6.64887480063958
8.76285192377872
13.184207788979
12.3021257705891
7.45642392089365
9.22718836473197
16.5736563232172
9.09997241280371
6.54180654200777
14.9850681672812
15.5802722499095
9.30894484795798
5.27839311690148
10.9761921015151
11.3691169893212
10.8224796688583
9.39892284274704
7.70991227191363
10.8710166548274
10.3312972723989
7.42841642165035
12.6338060831721
3.50632119957966
13.6671121678138
12.3577074563115
8.22217383173154
10.1613980853466
10.3706531848227
3.68647077169463
10.3766898069097
5.00513591335055
6.07244018808143
8.74949463282819
0.697275323787029
13.082180439677
15.7489325427672
8.7034351065322
12.7504224955183
7.92479612166881
9.02026292435428
6.70922941949555
10.6261869138356
16.6323940829609
6.06101352326027
11.5943759504664
7.23167836338761
6.20770391383283
18.7572603027255
5.40770138921757
1.58855922091227
6.8092234192702
9.51162237098386
8.53933990273507
12.2160565943087
7.82626058144922
10.8529130190685
13.691066928861
8.7402742402173
7.12366701165512
8.86589102705644
10.8212840698157
9.83133324341759
14.4550393664063
10.3525471638514
2.52890554029628
9.79992953040971
9.87368790347087
13.9073293261947
10.6048224668397
1.52101929854266
12.2642292249857
11.9711166574288
11.1239422659785
-4.06274964407873
7.47261869358356
1.96407074682888
9.28641069120919
6.01863988514976
12.5329032441517
14.6994745951322
11.8560467247673
7.70909357323691
3.43663276651744
7.2157352735307
10.7228804714566
0.325517685038179
6.23020468505813
17.2375572387303
10.2863031389582
7.66307808798245
7.05130915007018
14.3280228393226
12.3647194045879
13.0783751518215
11.9076204426877
12.7554661337992
3.6784068722381
6.08424688080509
16.0922826641462
8.56227746016775
4.26171423076488
6.47379876677779
11.7807189129521
14.4275747789528
9.33398008214481
16.6147034822116
15.0045616581734
8.7969155761145
8.33523525669534
12.9437353910922
10.5838760455268
9.9609433624756
9.65396542548308
4.28972382885457
4.19044464319516
13.629918737869
1.06893183387632
12.1434410351099
9.50075640777374
4.33692905956394
4.3496542574919
8.2900967007662
7.89103077159454
11.3128106397809
9.46689521932191
8.63418870224723
9.32338613253964
6.86872960374375
16.9549280131143
15.6957905271298
6.92155235714191
5.06538155526587
12.2191589983283
2.72430151222436
10.7381922172237
18.748152238105
8.12958826111498
15.9765211317816
7.25535590560132
7.02407882382018
13.9384638257618
8.10762519245484
8.26332268930289
4.28027081682692
5.4672835187326
5.64181479261465
10.373024351275
9.25175058888994
12.3242039532251
6.81004530821464
8.34949559698516
9.4220480638925
4.36304531687052
8.0886685393798
0.940555143509004
1.70389741826634
10.5880766146819
9.97846360925575
7.54337469597238
10.4443780229062
9.46790590251401
7.92379696519598
9.39566391958119
12.9539073192943
5.80437163025192
5.4105680801245
9.7628230381105
5.3966152568321
5.72232040260496
4.73007117876607
18.8781305045785
6.05291549835647
12.7785561661092
10.3263086536598
15.1419157969028
7.22634823009188
9.92248337122514
2.75976238674673
11.0404488503233
12.3122123641593
15.1028121730913
6.77601424558384
5.68633026120039
14.9414905790271
4.99308467178885
10.4201899272663
8.62682530504226
12.384075287053
13.1184019588633
12.5867904025609
18.4061074826246
5.27073965648392
3.46883977421054
11.7987443413987
12.6412901914894
12.058811809044
8.37991916577216
15.6830678134274
3.5957148075424
6.88065290627627
7.64093939452154
6.47622911745921
1.75903659313811
16.2568405371613
4.39433028620803
5.28217780975484
9.27681102569393
8.88311748977557
4.41338886308945
9.02598341708748
9.24464082637243
10.866120715182
8.12095742140993
10.173203061914
10.0298323329313
14.2882223016468
4.32735869293108
6.61603958808091
16.6858177271974
13.6474055779781
11.5549148187895
2.81051636405959
4.94167745304276
5.80114360764856
9.3464072281785
14.0100353344768
17.8883206942802
8.36301197603262
7.57812145239356
12.2655755558379
8.66380773787636
11.2190275480184
11.0018237968372
5.62942117040143
11.1439185921453
9.78565073199072
10.4078974431995
4.26991755731156
8.50971401741941
13.089599662019
5.45398534813627
11.1670616128588
5.89333172565218
1.61516414665033
16.4616761810896
13.0399804816092
6.49485604197656
14.8644142055392
10.077402374857
7.03495637169993
14.9695998067378
5.316582501667
8.51369361692163
12.8776308956103
15.0007021461006
8.46534125481204
6.0351774230697
11.7088580257063
11.9966834812983
10.6976842193102
5.38062132319153
13.8473619093702
10.0404973507103
8.3087212729569
9.9479775954094
9.83673423229729
7.12152152172781
11.6344422304404
11.3369466343014
9.2733943219992
9.43916902277574
3.89205145049564
8.97855579651366
8.10452698961905
5.42273512134632
-4.11192061444299
11.3148481089329
5.5623213762673
13.4448187031869
16.6160893167105
7.3833039110802
13.9899695592324
18.6987919535842
4.6376363249989
7.39656758559055
6.41572586534105
4.32823383368698
10.2308306985504
10.4348148161037
8.87389975788804
4.67438195173352
11.3709735714453
5.31722749431118
14.7335360305854
10.1789676359575
11.7687123927434
6.16974346192988
8.69604007958939
11.4263164391397
8.43753105863151
2.54874709467252
-1.09398026240716
1.8548723687358
12.3296971449227
10.4860714024707
10.8054895413601
11.0069665727906
5.61163146684504
-0.492225374211097
12.1247039798406
10.8205965159906
-0.233321243979537
7.93891691907476
11.0270364766417
5.05597093606017
5.82444435175903
6.71915044501604
13.6680889978125
14.1998663077403
7.0707460337109
12.94825287686
5.58223550711804
14.1825498258011
9.55227944661169
14.3010819033539
2.88097772224195
6.1297412940856
8.82646255694193
12.0979262343439
16.9425624971025
20.415609069967
11.972568797601
11.9384878981232
15.4190743422991
10.2778699278182
11.8607421874062
3.37622591357133
3.47759693602018
11.6777879007315
4.81408366162306
11.0680206715865
7.22680665732345
11.274767550331
10.5914283482956
9.82608751898503
16.3236440768628
8.97184389245801
13.5285745730437
0.144683077491568
11.3310994383368
11.9583697218728
6.68567158996342
12.4259485337497
10.5600697377975
16.3835435399191
14.870211235777
11.0730597257739
10.8389888835065
6.575151871511
12.8587717369569
12.5604350446629
13.858420261641
10.6730145410442
6.38804267817515
13.5100847533991
9.46605454117202
5.51416882592651
12.7565023518552
12.7302557975794
8.13123286685684
0.148686869917132
11.3427309956007
11.0010064438207
7.53533311387161
12.4783842727263
9.44171119448776
10.4469206997444
2.48978003879334
7.16925257268731
11.5014489200706
14.9336622747967
3.80120933557396
8.97398465788581
11.861148656121
14.4211035790404
5.0382920416694
4.17278568808307
6.61170608195964
8.73498551142833
6.21722087805267
14.8325232768784
13.821096752562
12.1579652622768
8.06616686695024
4.61262335689379
11.710398496859
11.9754232297955
6.68451013086547
17.3814934325868
7.19142664719209
10.4513380483751
6.6456769900193
10.6015234962021
5.10231547589564
13.8049853245426
8.5370181517938
7.63403208579119
11.9814379076156
9.22052867657515
7.73199418224706
2.46552687737179
4.25775110048595
3.90199084074268
4.51710236466072
9.13679317446926
14.0045078280525
3.14787654916429
2.0271956283392
10.2672131834145
6.6533589075603
7.43395586130509
12.1934832111866
14.8616926504076
5.56582848858337
10.8874934306324
9.57240650169042
3.50270701560803
3.04567234927335
7.96194643930181
9.27768965183205
13.0260454254644
5.31043358811291
5.12731471987654
11.3951387678387
10.3156278133152
14.9034351651803
11.791091613887
3.30107634399653
13.5065366677366
7.77227744246721
6.03440953236589
6.60925543669462
3.60955568789775
12.5295350178364
11.8720355798724
3.75444266166447
9.15858742788465
6.64690989482358
11.6913546387484
12.0363939756344
11.0576151963593
8.30983146801778
8.39651269512119
10.4941574444579
13.1648402347827
11.7983178492829
10.9643008178996
6.39721847799528
3.99532889169644
13.6614181426339
15.8287175513679
4.18544833065184
3.32379025018274
17.2166693890867
9.09103192882191
10.7036035460747
2.99148063924514
6.48809053505234
3.65522211495047
13.0845406000399
4.33027856720278
6.69807137423594
1.02583510222702
9.56778924637534
8.76919721630972
3.97583035792437
8.09140513515794
12.2848962084089
8.49049411960735
8.5531071734351
1.53869841328853
5.44349958029965
7.79376885308981
6.73416575670265
12.5255697978199
8.73512894202116
14.162429004146
4.92284751223199
6.50965202394532
8.90693083899102
9.22534676853637
9.88060388350666
5.04297828249156
12.7596395447817
7.22384107613574
12.5762931351098
4.78323865076474
5.9382569479407
9.62524961004051
5.82521091405696
13.0586785483833
6.08007161525529
-1.0344161020571
16.2211749028069
16.7012215748735
5.33646701229608
10.2362524653653
14.2779009995418
12.9467184812661
8.79470866950242
2.33001458984266
10.1847020860524
4.86067496015246
5.58799125487258
4.42830788631977
7.09881593920634
15.8583611784226
9.28523819109534
14.2459347827055
7.74104499772642
12.5050271542959
6.11067397325358
5.89915946392609
3.85587874074705
4.46683436102932
4.2571780295663
4.30472378404028
5.80246291000346
6.81114875903368
5.40417375333196
10.385635376866
8.99603228087413
8.5253756714318
7.24248952711114
11.9569095327889
4.799565817123
6.67959180296284
13.7189100451544
14.2699211542251
8.45092396316783
3.04996192338207
3.03408824300614
10.4491607352691
14.559141567927
5.96857525759268
